TEXT: The quick brown fox jumps over the lazy dog.Sentiment:
SCORE: 0.20000000298023224
MAGNiTUDE: 0.20000000298023224